CITYCODE,CITYNAME,first,second,third
00000,全国,3.2,23.4,73.4
01000,北海道,6.3,16.9,76.8
01100,札幌市,0.5,14.1,85.4
01101,札幌市中央区,0.3,8.5,91.2
01102,札幌市北区,0.6,16.2,83.3
01103,札幌市東区,0.5,16.6,83.0
01104,札幌市白石区,0.4,16.4,83.2
01105,札幌市豊平区,0.4,11.2,88.4
01106,札幌市南区,0.8,11.4,87.7
01107,札幌市西区,0.4,14.2,85.4
01108,札幌市厚別区,0.6,13.5,85.9
01109,札幌市手稲区,0.5,18.8,80.7
01110,札幌市清田区,0.8,16.0,83.2
01202,函館市,3.0,16.7,80.3
01203,小樽市,1.4,17.2,81.4
01204,旭川市,2.6,17.0,80.4
01205,室蘭市,0.9,26.9,72.2
01206,釧路市,2.2,18.7,79.1
01207,帯広市,5.1,18.0,76.9
01208,北見市,6.6,17.1,76.3
01209,夕張市,16.8,22.1,61.2
01210,岩見沢市,8.0,18.3,73.7
01211,網走市,13.4,15.7,70.9
01212,留萌市,3.3,19.9,76.9
01213,苫小牧市,2.0,26.4,71.6
01214,稚内市,8.6,21.8,69.7
01215,美唄市,13.2,21.3,65.4
01216,芦別市,10.3,27.4,62.4
01217,江別市,2.9,18.0,79.1
01218,赤平市,4.5,26.5,69.0
01219,紋別市,9.8,24.9,65.3
01220,士別市,17.5,18.0,64.4
01221,名寄市,10.2,11.4,78.4
01222,三笠市,7.5,21.2,71.3
01223,根室市,19.9,21.2,58.9
01224,千歳市,3.4,18.7,77.9
01225,滝川市,4.7,17.9,77.5
01226,砂川市,5.1,23.6,71.3
01227,歌志内市,1.8,25.4,72.8
01228,深川市,16.9,12.8,70.4
01229,富良野市,20.4,11.3,68.3
01230,登別市,1.3,24.7,74.0
01231,恵庭市,4.0,21.3,74.7
01233,伊達市,9.7,17.3,73.0
01234,北広島市,2.2,17.6,80.2
01235,石狩市,4.3,24.7,71.0
01236,北斗市,7.9,22.8,69.3
01303,当別町,14.8,17.8,67.4
01304,新篠津村,45.2,6.7,48.1
01331,松前町,10.1,27.7,62.2
01332,福島町,14.9,36.7,48.4
01333,知内町,26.5,26.8,46.7
01334,木古内町,10.3,24.5,65.2
01337,七飯町,9.6,19.7,70.7
01343,鹿部町,33.3,25.5,41.2
01345,森町,22.1,29.8,48.0
01346,八雲町,19.8,22.3,57.9
01347,長万部町,19.4,26.4,54.2
01361,江差町,8.5,17.6,73.9
01362,上ノ国町,17.2,28.1,54.7
01363,厚沢部町,32.4,17.0,50.6
01364,乙部町,10.3,29.4,60.3
01367,奥尻町,10.8,12.7,76.5
01370,今金町,27.9,13.6,58.5
01371,せたな町,25.2,14.8,60.0
01391,島牧村,21.7,12.7,65.6
01392,寿都町,10.5,23.3,66.2
01393,黒松内町,13.2,16.1,70.7
01394,蘭越町,25.4,15.3,59.3
01395,ニセコ町,17.0,14.8,68.2
01396,真狩村,39.6,7.6,52.8
01397,留寿都村,28.6,7.5,63.9
01398,喜茂別町,22.8,12.5,64.7
01399,京極町,19.7,21.8,58.5
01400,倶知安町,8.4,11.8,79.8
01401,共和町,24.6,20.8,54.6
01402,岩内町,3.2,31.4,65.4
01403,泊村,8.9,15.2,75.9
01404,神恵内村,14.3,11.8,73.9
01405,積丹町,29.3,12.5,58.2
01406,古平町,14.6,27.0,58.4
01407,仁木町,48.6,7.9,43.4
01408,余市町,17.3,14.9,67.8
01409,赤井川村,29.1,15.4,55.4
01423,南幌町,17.9,17.9,64.3
01424,奈井江町,16.1,29.5,54.4
01425,上砂川町,1.9,27.5,70.6
01427,由仁町,35.9,16.8,47.3
01428,長沼町,31.5,13.1,55.4
01429,栗山町,20.6,21.4,58.1
01430,月形町,31.3,10.8,57.9
01431,浦臼町,48.4,10.5,41.1
01432,新十津川町,25.0,14.0,61.0
01433,妹背牛町,34.9,18.8,46.3
01434,秩父別町,34.4,11.4,54.2
01436,雨竜町,38.9,9.5,51.6
01437,北竜町,46.3,9.1,44.7
01438,沼田町,30.4,13.2,56.5
01452,鷹栖町,17.3,13.3,69.4
01453,東神楽町,12.1,15.6,72.3
01454,当麻町,27.5,15.3,57.2
01455,比布町,26.7,13.8,59.4
01456,愛別町,30.1,14.7,55.1
01457,上川町,11.7,11.9,76.4
01458,東川町,16.9,17.1,66.0
01459,美瑛町,31.1,9.8,59.1
01460,上富良野町,17.7,10.6,71.7
01461,中富良野町,39.7,8.8,51.5
01462,南富良野町,20.9,16.6,62.5
01463,占冠村,7.9,7.4,84.7
01464,和寒町,33.5,13.4,53.0
01465,剣淵町,40.8,10.4,48.8
01468,下川町,26.2,18.5,55.3
01469,美深町,23.7,11.7,64.6
01470,音威子府村,14.3,11.7,73.9
01471,中川町,17.5,27.3,55.2
01472,幌加内町,31.6,10.5,57.9
01481,増毛町,21.1,24.7,54.3
01482,小平町,33.0,14.1,52.9
01483,苫前町,37.4,15.6,47.0
01484,羽幌町,20.7,12.7,66.5
01485,初山別村,33.2,11.1,55.6
01486,遠別町,31.3,16.4,52.3
01487,天塩町,23.3,16.5,60.1
01511,猿払村,32.6,25.4,42.1
01512,浜頓別町,19.5,21.8,58.7
01513,中頓別町,15.4,12.7,71.9
01514,枝幸町,26.5,22.0,51.4
01516,豊富町,22.9,21.0,56.1
01517,礼文町,36.7,12.9,50.4
01518,利尻町,30.4,11.4,58.1
01519,利尻富士町,27.1,16.7,56.2
01520,幌延町,19.9,23.2,56.9
01543,美幌町,15.8,19.3,64.9
01544,津別町,25.0,21.9,53.0
01545,斜里町,22.7,16.8,60.5
01546,清里町,38.2,11.4,50.4
01547,小清水町,41.7,10.4,47.9
01549,訓子府町,39.4,13.0,47.6
01550,置戸町,30.1,10.2,59.7
01552,佐呂間町,31.5,24.0,44.5
01555,遠軽町,7.4,17.3,75.3
01559,湧別町,33.9,19.2,46.9
01560,滝上町,22.9,15.6,61.5
01561,興部町,27.6,24.5,47.9
01562,西興部村,20.1,15.8,64.1
01563,雄武町,26.2,30.3,43.6
01564,大空町,39.3,10.4,50.4
01571,豊浦町,26.5,11.1,62.4
01575,壮瞥町,25.7,8.6,65.6
01578,白老町,9.9,26.2,64.0
01581,厚真町,33.3,14.1,52.6
01584,洞爺湖町,14.2,13.5,72.3
01585,安平町,25.2,17.8,57.0
01586,むかわ町,32.3,16.9,50.7
01601,日高町,33.1,11.9,55.0
01602,平取町,33.9,15.1,51.1
01604,新冠町,36.0,15.7,48.3
01607,浦河町,25.6,11.3,63.1
01608,様似町,28.8,19.3,51.9
01609,えりも町,47.6,9.6,42.7
01610,新ひだか町,21.8,13.5,64.7
01631,音更町,12.2,19.2,68.6
01632,士幌町,43.2,11.7,45.1
01633,上士幌町,34.8,11.9,53.3
01634,鹿追町,35.7,6.5,57.8
01635,新得町,20.6,14.8,64.5
01636,清水町,29.2,18.0,52.9
01637,芽室町,23.2,17.5,59.3
01638,中札内村,29.5,15.2,55.3
01639,更別村,45.4,8.6,46.0
01641,大樹町,31.1,19.1,49.8
01642,広尾町,22.1,21.8,56.1
01643,幕別町,15.5,17.5,67.0
01644,池田町,24.4,16.6,59.0
01645,豊頃町,46.0,9.0,45.1
01646,本別町,24.9,17.2,57.9
01647,足寄町,25.9,14.2,59.8
01648,陸別町,30.8,11.1,58.0
01649,浦幌町,36.8,14.4,48.8
01661,釧路町,7.0,19.5,73.4
01662,厚岸町,30.4,20.6,49.0
01663,浜中町,50.2,16.1,33.6
01664,標茶町,33.2,12.5,54.3
01665,弟子屈町,14.7,14.3,71.0
01667,鶴居村,35.0,8.6,56.5
01668,白糠町,13.3,29.3,57.4
01691,別海町,39.8,13.9,46.3
01692,中標津町,13.3,18.6,68.1
01693,標津町,31.7,16.2,52.1
01694,羅臼町,39.7,16.4,43.9
02000,青森県,11.3,20.0,68.7
02201,青森市,2.8,14.5,82.7
02202,弘前市,13.8,16.5,69.7
02203,八戸市,3.0,22.5,74.5
02204,黒石市,14.9,24.6,60.6
02205,五所川原市,13.4,20.0,66.7
02206,十和田市,11.9,22.8,65.3
02207,三沢市,6.9,24.1,69.1
02208,むつ市,5.1,19.6,75.3
02209,つがる市,29.9,17.5,52.6
02210,平川市,23.3,22.3,54.4
02301,平内町,27.4,19.8,52.7
02303,今別町,15.0,25.9,59.2
02304,蓬田村,29.6,20.4,50.0
02307,外ヶ浜町,23.1,20.8,56.1
02321,鰺ヶ沢町,21.5,17.0,61.6
02323,深浦町,23.2,18.7,58.1
02343,西目屋村,25.0,24.0,50.9
02361,藤崎町,22.1,20.5,57.4
02362,大鰐町,21.9,19.5,58.6
02367,田舎館村,21.1,23.2,55.7
02381,板柳町,37.2,15.8,47.0
02384,鶴田町,32.7,18.3,49.0
02387,中泊町,20.9,27.1,52.0
02401,野辺地町,7.5,26.2,66.3
02402,七戸町,20.4,22.2,57.3
02405,六戸町,19.0,24.0,57.0
02406,横浜町,29.4,28.9,41.7
02408,東北町,24.2,22.8,53.0
02411,六ヶ所村,10.7,41.6,47.7
02412,おいらせ町,8.3,28.1,63.6
02423,大間町,22.3,25.4,52.3
02424,東通村,23.0,26.4,50.6
02425,風間浦村,20.4,18.8,60.8
02426,佐井村,21.1,25.3,53.6
02441,三戸町,29.8,19.2,51.0
02442,五戸町,21.0,26.1,52.9
02443,田子町,35.1,22.5,42.3
02445,南部町,22.9,22.0,55.1
02446,階上町,8.7,30.2,61.2
02450,新郷村,47.2,17.2,35.6
03000,岩手県,9.6,24.8,65.5
03201,盛岡市,3.1,13.7,83.2
03202,宮古市,7.5,25.3,67.1
03203,大船渡市,7.5,28.0,64.5
03205,花巻市,10.9,27.3,61.8
03206,北上市,5.6,37.5,56.8
03207,久慈市,9.5,28.7,61.8
03208,遠野市,16.7,32.0,51.2
03209,一関市,12.2,29.9,57.9
03210,陸前高田市,11.1,29.7,59.2
03211,釜石市,4.7,30.3,65.0
03213,二戸市,17.8,24.9,57.3
03214,八幡平市,22.5,24.8,52.7
03215,奥州市,13.0,29.6,57.4
03216,滝沢市,4.8,21.8,73.4
03301,雫石町,16.8,19.5,63.7
03302,葛巻町,27.2,25.1,47.7
03303,岩手町,26.2,26.4,47.4
03321,紫波町,12.2,19.7,68.1
03322,矢巾町,7.2,15.9,76.9
03366,西和賀町,19.8,22.1,58.2
03381,金ケ崎町,13.9,38.1,48.0
03402,平泉町,13.6,28.6,57.8
03441,住田町,17.6,33.4,49.0
03461,大槌町,5.8,35.8,58.4
03482,山田町,12.5,29.5,58.0
03483,岩泉町,19.5,24.4,56.0
03484,田野畑村,23.7,26.8,49.5
03485,普代村,19.5,29.5,51.0
03501,軽米町,26.2,25.9,47.8
03503,野田村,14.4,28.3,57.3
03506,九戸村,31.0,24.0,45.0
03507,洋野町,19.3,29.5,51.1
03524,一戸町,20.1,25.1,54.8
04000,宮城県,4.0,22.3,73.7
04100,仙台市,0.8,15.9,83.4
04101,仙台市青葉区,0.5,13.1,86.4
04102,仙台市宮城野区,0.7,16.3,83.0
04103,仙台市若林区,1.1,17.0,81.9
04104,仙台市太白区,1.0,16.3,82.7
04105,仙台市泉区,0.8,18.3,80.9
04202,石巻市,7.4,28.9,63.7
04203,塩竈市,1.1,24.3,74.7
04205,気仙沼市,7.2,26.3,66.5
04206,白石市,5.5,33.7,60.8
04207,名取市,3.1,21.9,75.0
04208,角田市,7.7,37.8,54.6
04209,多賀城市,1.0,20.6,78.4
04211,岩沼市,2.2,26.9,70.9
04212,登米市,13.5,29.7,56.8
04213,栗原市,14.8,27.7,57.4
04214,東松島市,7.3,24.5,68.2
04215,大崎市,8.0,29.9,62.1
04216,富谷市,1.1,23.9,75.0
04301,蔵王町,13.6,30.5,55.9
04302,七ヶ宿町,21.2,21.3,57.5
04321,大河原町,2.6,32.1,65.2
04322,村田町,6.9,34.6,58.5
04323,柴田町,2.2,32.8,65.0
04324,川崎町,9.7,32.8,57.5
04341,丸森町,13.0,38.6,48.5
04361,亘理町,7.1,31.3,61.6
04362,山元町,12.5,30.8,56.7
04401,松島町,5.3,20.2,74.5
04404,七ヶ浜町,3.1,25.7,71.2
04406,利府町,1.8,22.9,75.2
04421,大和町,4.3,34.6,61.1
04422,大郷町,11.8,28.2,59.9
04424,大衡村,10.8,34.2,55.1
04444,色麻町,19.0,33.6,47.4
04445,加美町,14.1,34.9,50.9
04501,涌谷町,14.1,31.3,54.6
04505,美里町,10.3,27.0,62.8
04581,女川町,12.6,33.1,54.3
04606,南三陸町,21.7,30.6,47.7
05000,秋田県,8.6,23.9,67.5
05201,秋田市,1.9,16.0,82.1
05202,能代市,8.4,21.9,69.6
05203,横手市,14.8,25.3,59.9
05204,大館市,6.2,28.9,64.8
05206,男鹿市,12.1,22.5,65.4
05207,湯沢市,12.0,31.1,56.9
05209,鹿角市,12.4,26.8,60.8
05210,由利本荘市,10.2,31.8,58.1
05211,潟上市,5.7,25.8,68.4
05212,大仙市,12.3,26.1,61.7
05213,北秋田市,10.6,27.0,62.3
05214,にかほ市,8.9,40.9,50.2
05215,仙北市,13.0,26.0,61.0
05303,小坂町,7.6,31.7,60.7
05327,上小阿仁村,13.3,25.3,61.4
05346,藤里町,13.3,25.3,61.4
05348,三種町,20.2,23.8,56.0
05349,八峰町,20.2,24.6,55.2
05361,五城目町,11.6,25.1,63.3
05363,八郎潟町,10.6,21.8,67.7
05366,井川町,11.2,26.3,62.5
05368,大潟村,74.3,2.3,23.5
05434,美郷町,15.4,30.1,54.5
05463,羽後町,16.8,32.0,51.2
05464,東成瀬村,9.6,47.8,42.6
06000,山形県,8.7,28.6,62.8
06201,山形市,3.2,19.8,77.0
06202,米沢市,3.5,34.5,62.1
06203,鶴岡市,9.2,29.4,61.5
06204,酒田市,8.4,26.0,65.6
06205,新庄市,8.9,28.9,62.1
06206,寒河江市,9.4,33.6,57.0
06207,上山市,10.1,24.5,65.4
06208,村山市,13.8,36.6,49.6
06209,長井市,6.8,38.1,55.1
06210,天童市,9.5,30.3,60.2
06211,東根市,11.5,31.8,56.7
06212,尾花沢市,21.1,30.1,48.7
06213,南陽市,9.4,31.8,58.8
06301,山辺町,5.8,30.3,63.9
06302,中山町,9.1,30.6,60.2
06321,河北町,10.9,35.0,54.1
06322,西川町,10.0,31.2,58.7
06323,朝日町,25.5,28.8,45.7
06324,大江町,14.7,33.3,52.0
06341,大石田町,14.9,36.9,48.3
06361,金山町,17.2,35.8,47.0
06362,最上町,18.3,33.5,48.2
06363,舟形町,19.3,28.1,52.5
06364,真室川町,19.9,29.7,50.5
06365,大蔵村,20.6,29.7,49.8
06366,鮭川村,30.0,26.7,43.3
06367,戸沢村,15.7,35.6,48.7
06381,高畠町,13.8,35.9,50.3
06382,川西町,16.4,32.3,51.2
06401,小国町,8.2,43.6,48.2
06402,白鷹町,10.6,37.0,52.4
06403,飯豊町,16.8,34.4,48.8
06426,三川町,14.6,30.1,55.4
06428,庄内町,12.4,29.6,58.1
06461,遊佐町,16.6,26.8,56.5
07000,福島県,6.2,29.6,64.2
07201,福島市,4.0,23.2,72.8
07202,会津若松市,4.7,25.7,69.6
07203,郡山市,2.9,24.8,72.3
07204,いわき市,2.5,31.2,66.3
07205,白河市,6.3,38.3,55.4
07207,須賀川市,8.1,31.5,60.4
07208,喜多方市,11.5,30.4,58.1
07209,相馬市,8.1,34.0,58.0
07210,二本松市,8.8,35.3,55.9
07211,田村市,13.4,38.1,48.4
07212,南相馬市,5.6,32.8,61.6
07213,伊達市,12.7,30.8,56.5
07214,本宮市,4.9,35.3,59.8
07301,桑折町,13.1,28.1,58.7
07303,国見町,16.1,25.9,58.0
07308,川俣町,6.2,41.7,52.1
07322,大玉村,11.4,33.5,55.1
07342,鏡石町,9.2,37.1,53.7
07344,天栄村,14.9,35.2,49.9
07362,下郷町,13.8,29.4,56.8
07364,檜枝岐村,2.0,4.4,93.5
07367,只見町,15.2,30.1,54.6
07368,南会津町,13.4,26.2,60.3
07402,北塩原村,13.5,19.7,66.8
07405,西会津町,16.8,33.9,49.3
07407,磐梯町,14.8,27.7,57.5
07408,猪苗代町,12.6,19.7,67.8
07421,会津坂下町,14.4,27.5,58.1
07422,湯川村,22.2,24.7,53.1
07423,柳津町,17.0,28.3,54.8
07444,三島町,9.8,27.4,62.8
07445,金山町,12.0,22.8,65.1
07446,昭和村,32.6,17.2,50.2
07447,会津美里町,15.2,26.1,58.7
07461,西郷村,6.3,40.4,53.3
07464,泉崎村,11.0,40.9,48.1
07465,中島村,17.5,40.8,41.6
07466,矢吹町,11.9,37.8,50.3
07481,棚倉町,8.0,42.3,49.7
07482,矢祭町,14.1,43.4,42.4
07483,塙町,16.4,37.6,46.1
07484,鮫川村,20.8,38.6,40.6
07501,石川町,10.2,35.9,53.9
07502,玉川村,14.1,40.7,45.3
07503,平田村,17.5,42.3,40.2
07504,浅川町,10.1,46.2,43.7
07505,古殿町,14.2,42.7,43.1
07521,三春町,7.1,31.8,61.1
07522,小野町,11.8,38.9,49.3
07541,広野町,3.7,39.7,56.6
07542,楢葉町,4.1,29.2,66.7
07543,富岡町,3.2,41.2,55.7
07544,川内村,16.8,28.3,55.0
07545,大熊町,1.9,1.7,96.4
07546,双葉町,-,-,-
07547,浪江町,6.2,51.2,42.5
07548,葛尾村,28.9,22.9,48.2
07561,新地町,10.8,33.1,56.1
07564,飯舘村,27.7,33.3,39.0
08000,茨城県,5.2,29.0,65.8
08201,水戸市,2.3,18.7,79.0
08202,日立市,1.2,34.7,64.1
08203,土浦市,3.0,24.7,72.2
08204,古河市,3.5,37.9,58.6
08205,石岡市,7.5,29.3,63.2
08207,結城市,6.5,37.1,56.5
08208,龍ケ崎市,2.4,28.1,69.5
08210,下妻市,6.1,37.2,56.8
08211,常総市,5.0,38.8,56.2
08212,常陸太田市,7.9,27.2,64.9
08214,高萩市,2.9,38.9,58.2
08215,北茨城市,3.7,43.0,53.3
08216,笠間市,6.0,26.2,67.8
08217,取手市,1.8,22.5,75.7
08219,牛久市,1.8,24.9,73.3
08220,つくば市,2.6,19.3,78.2
08221,ひたちなか市,2.2,31.3,66.5
08222,鹿嶋市,3.1,33.2,63.7
08223,潮来市,4.0,30.4,65.6
08224,守谷市,0.9,26.4,72.7
08225,常陸大宮市,8.5,30.5,61.1
08226,那珂市,4.8,24.8,70.3
08227,筑西市,7.4,35.3,57.3
08228,坂東市,10.6,38.1,51.3
08229,稲敷市,8.7,33.2,58.1
08230,かすみがうら市,10.5,31.2,58.3
08231,桜川市,7.2,34.8,58.0
08232,神栖市,5.1,39.1,55.8
08233,行方市,22.5,28.5,49.1
08234,鉾田市,30.4,21.2,48.5
08235,つくばみらい市,3.7,27.7,68.5
08236,小美玉市,11.0,29.9,59.1
08302,茨城町,15.1,23.2,61.7
08309,大洗町,5.8,26.0,68.2
08310,城里町,9.6,26.8,63.6
08341,東海村,2.6,24.5,72.8
08364,大子町,14.6,30.3,55.1
08442,美浦村,6.0,27.6,66.4
08443,阿見町,3.7,27.3,69.0
08447,河内町,14.4,29.0,56.6
08521,八千代町,20.0,34.2,45.7
08542,五霞町,6.7,39.1,54.3
08546,境町,7.4,37.0,55.5
08564,利根町,4.6,23.3,72.0
09000,栃木県,5.2,31.3,63.5
09201,宇都宮市,2.4,26.5,71.1
09202,足利市,1.8,36.3,61.8
09203,栃木市,5.5,34.0,60.5
09204,佐野市,2.5,35.9,61.6
09205,鹿沼市,6.4,35.0,58.6
09206,日光市,5.2,27.6,67.2
09208,小山市,3.4,32.8,63.8
09209,真岡市,10.1,37.3,52.6
09210,大田原市,11.2,32.9,55.9
09211,矢板市,7.6,31.4,60.9
09213,那須塩原市,6.6,32.0,61.4
09214,さくら市,8.2,29.8,62.1
09215,那須烏山市,9.9,34.5,55.6
09216,下野市,6.3,26.0,67.7
09301,上三川町,8.3,35.4,56.3
09342,益子町,7.3,36.4,56.4
09343,茂木町,12.7,29.3,58.0
09344,市貝町,11.3,33.3,55.4
09345,芳賀町,16.8,30.0,53.2
09361,壬生町,6.6,29.3,64.2
09364,野木町,4.4,33.1,62.5
09384,塩谷町,13.8,31.3,54.9
09386,高根沢町,8.0,29.9,62.1
09407,那須町,14.2,23.6,62.2
09411,那珂川町,14.5,34.4,51.1
10000,群馬県,4.5,31.4,64.1
10201,前橋市,4.2,23.3,72.6
10202,高崎市,2.4,27.0,70.5
10203,桐生市,2.5,34.0,63.5
10204,伊勢崎市,3.5,36.2,60.3
10205,太田市,3.2,39.5,57.3
10206,沼田市,12.0,25.1,62.9
10207,館林市,3.7,36.1,60.2
10208,渋川市,5.8,28.0,66.2
10209,藤岡市,4.2,35.6,60.2
10210,富岡市,6.5,40.1,53.4
10211,安中市,4.2,34.7,61.1
10212,みどり市,4.6,34.8,60.6
10344,榛東村,5.2,27.7,67.2
10345,吉岡町,3.4,25.8,70.7
10366,上野村,21.2,19.7,59.2
10367,神流町,8.8,26.7,64.5
10382,下仁田町,11.4,37.4,51.1
10383,南牧村,10.6,30.1,59.3
10384,甘楽町,8.8,39.4,51.8
10421,中之条町,9.7,21.5,68.7
10424,長野原町,16.7,13.7,69.6
10425,嬬恋村,32.4,10.8,56.8
10426,草津町,1.1,7.6,91.3
10428,高山村,12.9,26.6,60.4
10429,東吾妻町,15.0,25.6,59.4
10443,片品村,21.0,19.3,59.6
10444,川場村,26.3,20.2,53.5
10448,昭和村,44.6,16.4,39.0
10449,みなかみ町,10.6,21.0,68.4
10464,玉村町,2.8,33.0,64.3
10521,板倉町,15.8,31.3,53.0
10522,明和町,6.1,37.6,56.3
10523,千代田町,5.3,42.0,52.7
10524,大泉町,0.7,52.1,47.2
10525,邑楽町,4.2,38.3,57.5
11000,埼玉県,1.5,23.0,75.5
11100,さいたま市,0.7,18.3,80.9
11101,さいたま市西区,1.0,20.4,78.6
11102,さいたま市北区,0.3,18.6,81.1
11103,さいたま市大宮区,0.3,16.7,83.0
11104,さいたま市見沼区,1.2,18.9,79.9
11105,さいたま市中央区,0.2,16.5,83.3
11106,さいたま市桜区,0.5,19.7,79.8
11107,さいたま市浦和区,0.2,15.0,84.9
11108,さいたま市南区,0.2,18.1,81.6
11109,さいたま市緑区,1.5,17.5,81.0
11110,さいたま市岩槻区,2.3,24.7,73.1
11201,川越市,1.8,23.0,75.2
11202,熊谷市,2.8,26.8,70.3
11203,川口市,0.6,23.1,76.3
11206,行田市,2.7,31.0,66.3
11207,秩父市,2.8,32.3,65.0
11208,所沢市,1.2,18.2,80.6
11209,飯能市,1.2,26.9,71.9
11210,加須市,4.6,29.3,66.1
11211,本庄市,4.8,34.1,61.1
11212,東松山市,1.6,27.9,70.5
11214,春日部市,1.2,22.3,76.6
11215,狭山市,1.8,24.7,73.5
11216,羽生市,3.2,32.9,63.9
11217,鴻巣市,2.8,23.9,73.3
11218,深谷市,7.6,29.4,63.1
11219,上尾市,0.7,21.6,77.6
11221,草加市,0.5,24.2,75.3
11222,越谷市,0.7,21.1,78.3
11223,蕨市,0.2,19.0,80.8
11224,戸田市,0.1,21.0,78.9
11225,入間市,1.1,25.5,73.5
11227,朝霞市,0.6,18.7,80.7
11228,志木市,0.5,19.7,79.8
11229,和光市,0.7,15.4,83.9
11230,新座市,1.0,21.3,77.8
11231,桶川市,1.3,21.9,76.8
11232,久喜市,2.3,25.3,72.4
11233,北本市,1.6,23.0,75.4
11234,八潮市,0.8,30.3,68.9
11235,富士見市,1.4,20.5,78.1
11237,三郷市,1.0,24.9,74.1
11238,蓮田市,2.1,22.8,75.1
11239,坂戸市,1.2,26.5,72.3
11240,幸手市,2.2,27.5,70.3
11241,鶴ヶ島市,1.0,24.5,74.5
11242,日高市,2.5,29.2,68.4
11243,吉川市,1.4,24.3,74.3
11245,ふじみ野市,0.9,22.1,77.0
11246,白岡市,1.9,22.3,75.8
11301,伊奈町,1.4,25.8,72.8
11324,三芳町,3.4,24.5,72.2
11326,毛呂山町,1.3,24.8,73.8
11327,越生町,2.6,28.7,68.7
11341,滑川町,3.5,31.8,64.7
11342,嵐山町,2.9,33.7,63.3
11343,小川町,2.6,28.6,68.8
11346,川島町,6.2,30.9,62.9
11347,吉見町,6.0,29.1,64.9
11348,鳩山町,2.9,24.7,72.4
11349,ときがわ町,3.8,35.0,61.2
11361,横瀬町,3.7,32.8,63.6
11362,皆野町,4.0,32.9,63.0
11363,長瀞町,4.0,31.1,64.8
11365,小鹿野町,6.1,38.0,55.8
11369,東秩父村,6.1,34.9,59.1
11381,美里町,8.4,34.5,57.1
11383,神川町,8.2,38.7,53.1
11385,上里町,6.2,34.2,59.7
11408,寄居町,4.2,32.4,63.3
11442,宮代町,2.0,22.0,76.0
11464,杉戸町,2.8,25.4,71.8
11465,松伏町,1.7,27.5,70.8
12000,千葉県,2.4,19.1,78.5
12100,千葉市,0.7,17.3,81.9
12101,千葉市中央区,0.3,17.6,82.0
12102,千葉市花見川区,0.6,17.5,81.9
12103,千葉市稲毛区,0.4,16.3,83.2
12104,千葉市若葉区,1.4,19.6,79.0
12105,千葉市緑区,1.6,18.4,80.0
12106,千葉市美浜区,0.2,14.8,85.0
12202,銚子市,10.8,29.3,59.8
12203,市川市,0.5,16.4,83.1
12204,船橋市,0.8,16.6,82.7
12205,館山市,7.2,13.4,79.4
12206,木更津市,2.5,24.3,73.3
12207,松戸市,0.7,17.2,82.1
12208,野田市,1.9,25.8,72.4
12210,茂原市,3.3,26.7,70.0
12211,成田市,3.8,15.9,80.3
12212,佐倉市,1.6,19.0,79.4
12213,東金市,5.5,22.5,72.0
12215,旭市,17.2,24.2,58.5
12216,習志野市,0.4,17.6,82.0
12217,柏市,1.1,16.8,82.1
12218,勝浦市,8.8,16.0,75.1
12219,市原市,1.7,29.6,68.7
12220,流山市,0.7,17.7,81.6
12221,八千代市,1.1,19.3,79.7
12222,我孫子市,1.3,16.2,82.5
12223,鴨川市,8.5,12.1,79.4
12224,鎌ケ谷市,1.6,18.7,79.8
12225,君津市,3.8,30.4,65.9
12226,富津市,5.8,28.1,66.1
12227,浦安市,0.2,12.3,87.5
12228,四街道市,1.1,19.1,79.8
12229,袖ケ浦市,3.8,27.5,68.7
12230,八街市,7.7,25.9,66.4
12231,印西市,3.2,15.7,81.1
12232,白井市,3.4,19.2,77.3
12233,富里市,7.6,20.5,71.9
12234,南房総市,17.5,15.7,66.8
12235,匝瑳市,14.2,25.4,60.5
12236,香取市,11.0,24.0,65.1
12237,山武市,11.3,24.4,64.3
12238,いすみ市,7.7,24.0,68.3
12239,大網白里市,4.7,21.2,74.1
12322,酒々井町,2.8,15.4,81.7
12329,栄町,4.1,18.0,77.9
12342,神崎町,7.2,24.7,68.1
12347,多古町,19.1,20.4,60.5
12349,東庄町,15.5,30.1,54.5
12403,九十九里町,6.7,31.6,61.7
12409,芝山町,21.5,18.9,59.6
12410,横芝光町,11.8,25.9,62.3
12421,一宮町,7.6,18.7,73.7
12422,睦沢町,8.5,27.2,64.3
12423,長生村,5.6,26.0,68.4
12424,白子町,12.6,25.9,61.6
12426,長柄町,9.2,26.7,64.1
12427,長南町,7.5,27.5,65.0
12441,大多喜町,7.8,23.9,68.2
12443,御宿町,5.3,17.4,77.3
12463,鋸南町,14.8,14.7,70.5
13000,東京都,0.4,15.0,84.6
13100,特別区部,0.2,14.2,85.6
13101,千代田区,0.0,8.6,91.3
13102,中央区,0.1,11.3,88.7
13103,港区,0.1,9.4,90.5
13104,新宿区,0.1,9.6,90.3
13105,文京区,0.1,11.1,88.8
13106,台東区,0.1,15.6,84.4
13107,墨田区,0.1,18.4,81.5
13108,江東区,0.1,15.2,84.7
13109,品川区,0.1,14.4,85.5
13110,目黒区,0.2,10.6,89.2
13111,大田区,0.1,17.7,82.2
13112,世田谷区,0.3,10.9,88.8
13113,渋谷区,0.1,9.0,90.9
13114,中野区,0.1,11.0,88.9
13115,杉並区,0.2,11.0,88.9
13116,豊島区,0.1,11.8,88.1
13117,北区,0.1,15.1,84.9
13118,荒川区,0.1,16.7,83.1
13119,板橋区,0.1,15.9,84.0
13120,練馬区,0.4,13.6,86.0
13121,足立区,0.2,19.0,80.8
13122,葛飾区,0.2,18.8,81.0
13123,江戸川区,0.2,17.8,81.9
13201,八王子市,0.7,19.0,80.4
13202,立川市,0.9,17.0,82.1
13203,武蔵野市,0.4,11.7,87.9
13204,三鷹市,0.8,13.3,85.9
13205,青梅市,1.2,26.5,72.3
13206,府中市,0.7,16.6,82.7
13207,昭島市,0.6,21.6,77.8
13208,調布市,0.6,13.4,86.1
13209,町田市,0.8,17.1,82.1
13210,小金井市,0.6,12.4,87.0
13211,小平市,0.8,16.2,83.1
13212,日野市,0.6,18.4,81.0
13213,東村山市,0.8,16.8,82.4
13214,国分寺市,0.8,14.6,84.7
13215,国立市,0.6,14.6,84.8
13218,福生市,0.5,22.4,77.1
13219,狛江市,0.8,13.5,85.7
13220,東大和市,0.7,19.5,79.8
13221,清瀬市,1.5,16.2,82.3
13222,東久留米市,1.0,17.4,81.5
13223,武蔵村山市,1.4,25.6,73.0
13224,多摩市,0.5,13.9,85.5
13225,稲城市,1.1,17.3,81.6
13227,羽村市,0.8,28.9,70.3
13228,あきる野市,1.8,24.0,74.2
13229,西東京市,0.6,13.9,85.5
13303,瑞穂町,2.0,31.3,66.7
13305,日の出町,2.1,25.5,72.4
13307,檜原村,4.0,21.5,74.5
13308,奥多摩町,3.3,23.6,73.1
13361,大島町,6.2,17.2,76.6
13362,利島村,16.2,16.6,67.2
13363,新島村,4.1,19.4,76.5
13364,神津島村,12.7,15.7,71.7
13381,三宅村,6.2,19.7,74.1
13382,御蔵島村,1.4,21.0,77.6
13401,八丈町,13.9,15.9,70.3
13402,青ヶ島村,3.8,27.5,68.7
13421,小笠原村,9.9,11.6,78.5
14000,神奈川県,0.8,20.3,79.0
14100,横浜市,0.4,18.5,81.0
14101,横浜市鶴見区,0.2,23.2,76.6
14102,横浜市神奈川区,0.5,18.0,81.6
14103,横浜市西区,0.1,16.2,83.7
14104,横浜市中区,0.1,14.2,85.6
14105,横浜市南区,0.2,17.0,82.9
14106,横浜市保土ケ谷区,0.4,17.6,82.0
14107,横浜市磯子区,0.2,19.1,80.7
14108,横浜市金沢区,0.4,18.4,81.1
14109,横浜市港北区,0.4,17.9,81.7
14110,横浜市戸塚区,0.5,19.8,79.6
14111,横浜市港南区,0.3,17.2,82.6
14112,横浜市旭区,0.4,19.0,80.5
14113,横浜市緑区,0.7,19.8,79.5
14114,横浜市瀬谷区,0.7,19.9,79.4
14115,横浜市栄区,0.6,18.6,80.8
14116,横浜市泉区,1.0,20.4,78.5
14117,横浜市青葉区,0.5,15.2,84.3
14118,横浜市都筑区,0.9,20.4,78.8
14130,川崎市,0.4,18.4,81.2
14131,川崎市川崎区,0.1,24.2,75.7
14132,川崎市幸区,0.1,21.0,78.9
14133,川崎市中原区,0.2,17.6,82.3
14134,川崎市高津区,0.4,17.9,81.7
14135,川崎市多摩区,0.5,15.8,83.7
14136,川崎市宮前区,0.7,16.7,82.6
14137,川崎市麻生区,0.6,15.3,84.1
14150,相模原市,0.6,22.7,76.7
14151,相模原市緑区,1.0,25.0,74.0
14152,相模原市中央区,0.5,24.2,75.4
14153,相模原市南区,0.5,19.9,79.6
14201,横須賀市,0.9,17.4,81.7
14203,平塚市,1.5,27.4,71.2
14204,鎌倉市,0.7,16.4,82.9
14205,藤沢市,1.0,22.0,77.0
14206,小田原市,2.4,23.5,74.1
14207,茅ヶ崎市,0.8,21.2,78.0
14208,逗子市,0.4,14.2,85.4
14210,三浦市,11.1,16.4,72.6
14211,秦野市,1.8,27.4,70.8
14212,厚木市,1.2,26.2,72.6
14213,大和市,0.5,21.6,77.9
14214,伊勢原市,2.2,25.2,72.6
14215,海老名市,1.1,26.3,72.6
14216,座間市,0.5,22.8,76.7
14217,南足柄市,2.8,30.8,66.5
14218,綾瀬市,1.2,30.1,68.7
14301,葉山町,1.1,14.3,84.6
14321,寒川町,1.9,33.0,65.1
14341,大磯町,2.1,19.5,78.3
14342,二宮町,1.7,20.6,77.8
14361,中井町,7.6,29.1,63.3
14362,大井町,3.5,27.4,69.2
14363,松田町,2.6,25.0,72.4
14364,山北町,6.1,28.8,65.1
14366,開成町,2.1,27.6,70.3
14382,箱根町,1.1,8.8,90.1
14383,真鶴町,2.8,18.0,79.1
14384,湯河原町,2.9,15.5,81.5
14401,愛川町,1.7,38.4,60.0
14402,清川村,3.9,25.9,70.2
15000,新潟県,5.2,28.4,66.4
15100,新潟市,3.2,21.5,75.3
15101,新潟市北区,4.4,29.6,66.0
15102,新潟市東区,0.8,24.1,75.1
15103,新潟市中央区,0.5,14.2,85.3
15104,新潟市江南区,4.6,24.3,71.1
15105,新潟市秋葉区,3.8,24.5,71.7
15106,新潟市南区,10.3,28.8,60.9
15107,新潟市西区,2.7,16.1,81.2
15108,新潟市西蒲区,8.4,29.6,62.0
15202,長岡市,3.4,30.8,65.8
15204,三条市,4.2,36.3,59.5
15205,柏崎市,2.9,35.1,62.0
15206,新発田市,6.1,29.6,64.3
15208,小千谷市,6.2,39.0,54.7
15209,加茂市,6.9,34.4,58.7
15210,十日町市,11.0,29.4,59.6
15211,見附市,3.6,34.7,61.8
15212,村上市,8.9,31.6,59.4
15213,燕市,3.6,41.2,55.2
15216,糸魚川市,5.1,35.7,59.2
15217,妙高市,5.4,33.2,61.4
15218,五泉市,8.6,36.7,54.6
15222,上越市,4.5,30.1,65.4
15223,阿賀野市,9.0,34.0,57.1
15224,佐渡市,18.0,15.6,66.5
15225,魚沼市,9.2,33.2,57.6
15226,南魚沼市,12.0,27.8,60.1
15227,胎内市,9.4,36.1,54.5
15307,聖籠町,7.0,37.4,55.6
15342,弥彦村,7.3,35.7,57.0
15361,田上町,5.9,32.3,61.8
15385,阿賀町,8.0,31.9,60.1
15405,出雲崎町,9.2,32.6,58.2
15461,湯沢町,3.2,14.7,82.0
15482,津南町,24.7,23.0,52.3
15504,刈羽村,4.9,35.3,59.9
15581,関川村,17.1,30.0,52.9
15586,粟島浦村,31.2,3.4,65.4
16000,富山県,3.0,33.2,63.8
16201,富山市,2.1,30.3,67.6
16202,高岡市,2.1,32.7,65.2
16204,魚津市,3.9,39.5,56.7
16205,氷見市,4.2,33.8,62.0
16206,滑川市,3.1,40.6,56.3
16207,黒部市,3.4,43.7,52.9
16208,砺波市,4.3,35.0,60.7
16209,小矢部市,4.6,34.4,61.0
16210,南砺市,6.6,36.9,56.5
16211,射水市,2.1,30.8,67.0
16321,舟橋村,2.9,34.7,62.4
16322,上市町,4.2,37.7,58.0
16323,立山町,5.7,33.4,60.9
16342,入善町,5.9,41.4,52.7
16343,朝日町,5.8,35.3,59.0
17000,石川県,2.6,27.8,69.6
17201,金沢市,1.2,21.0,77.7
17202,七尾市,5.1,26.0,68.8
17203,小松市,1.9,38.3,59.8
17204,輪島市,10.6,23.2,66.2
17205,珠洲市,10.3,25.7,64.0
17206,加賀市,3.5,37.0,59.5
17207,羽咋市,5.9,32.1,62.0
17209,かほく市,2.2,34.8,63.0
17210,白山市,2.6,33.0,64.4
17211,能美市,1.7,40.1,58.2
17212,野々市市,1.1,26.9,72.0
17324,川北町,4.4,36.8,58.8
17361,津幡町,2.3,28.6,69.1
17365,内灘町,1.2,26.7,72.1
17384,志賀町,9.5,31.4,59.1
17386,宝達志水町,7.1,35.2,57.7
17407,中能登町,4.8,33.4,61.8
17461,穴水町,10.1,20.4,69.4
17463,能登町,13.3,21.3,65.4
18000,福井県,3.2,31.6,65.1
18201,福井市,1.9,25.9,72.2
18202,敦賀市,1.5,28.2,70.3
18204,小浜市,4.1,27.5,68.4
18205,大野市,7.6,33.0,59.4
18206,勝山市,5.5,34.5,60.0
18207,鯖江市,1.5,40.1,58.3
18208,あわら市,5.9,33.2,60.9
18209,越前市,2.5,45.1,52.3
18210,坂井市,3.8,34.1,62.2
18322,永平寺町,3.0,26.7,70.3
18382,池田町,9.5,35.3,55.2
18404,南越前町,5.7,35.7,58.5
18423,越前町,6.7,35.8,57.5
18442,美浜町,6.6,21.7,71.6
18481,高浜町,6.3,26.8,66.9
18483,おおい町,8.9,25.2,65.9
18501,若狭町,9.1,26.5,64.5
19000,山梨県,6.7,27.9,65.3
19201,甲府市,2.5,22.8,74.8
19202,富士吉田市,1.1,35.4,63.5
19204,都留市,1.6,34.1,64.3
19205,山梨市,18.4,19.3,62.3
19206,大月市,1.9,31.9,66.3
19207,韮崎市,8.9,34.3,56.8
19208,南アルプス市,8.9,32.6,58.4
19209,北杜市,14.8,24.9,60.3
19210,甲斐市,2.5,29.2,68.3
19211,笛吹市,16.1,21.4,62.5
19212,上野原市,1.7,33.2,65.1
19213,甲州市,24.1,18.9,57.0
19214,中央市,5.7,33.9,60.4
19346,市川三郷町,4.1,33.7,62.2
19364,早川町,4.5,39.8,55.7
19365,身延町,2.9,29.9,67.2
19366,南部町,3.0,37.1,59.9
19368,富士川町,3.7,32.4,63.9
19384,昭和町,2.3,31.0,66.7
19422,道志村,10.2,37.9,51.9
19423,西桂町,1.2,41.9,56.9
19424,忍野村,1.4,53.5,45.1
19425,山中湖村,1.3,21.7,77.0
19429,鳴沢村,9.1,29.9,61.0
19430,富士河口湖町,2.3,28.2,69.5
19442,小菅村,8.0,22.2,69.8
19443,丹波山村,8.1,17.0,74.9
20000,長野県,8.5,28.7,62.8
20201,長野市,5.7,22.0,72.3
20202,松本市,5.2,23.4,71.4
20203,上田市,4.6,33.4,62.1
20204,岡谷市,1.5,41.4,57.2
20205,飯田市,8.4,31.4,60.3
20206,諏訪市,3.0,34.6,62.4
20207,須坂市,11.6,29.3,59.1
20208,小諸市,8.8,29.1,62.1
20209,伊那市,8.1,34.1,57.8
20210,駒ヶ根市,6.5,39.0,54.5
20211,中野市,22.9,23.5,53.6
20212,大町市,9.0,27.9,63.1
20213,飯山市,18.2,22.3,59.5
20214,茅野市,6.4,36.0,57.6
20215,塩尻市,7.3,33.8,58.9
20217,佐久市,8.0,28.7,63.3
20218,千曲市,6.1,33.9,60.0
20219,東御市,10.7,32.9,56.4
20220,安曇野市,8.3,28.1,63.6
20303,小海町,22.0,21.8,56.2
20304,川上村,75.9,3.4,20.7
20305,南牧村,61.3,4.5,34.1
20306,南相木村,34.6,14.4,51.0
20307,北相木村,33.8,20.8,45.4
20309,佐久穂町,13.3,28.4,58.4
20321,軽井沢町,3.5,14.2,82.3
20323,御代田町,9.0,28.3,62.7
20324,立科町,16.3,27.3,56.4
20349,青木村,9.9,34.3,55.8
20350,長和町,13.2,29.0,57.7
20361,下諏訪町,1.3,37.2,61.5
20362,富士見町,13.0,32.0,54.9
20363,原村,22.4,28.3,49.3
20382,辰野町,4.8,44.6,50.7
20383,箕輪町,6.6,46.1,47.3
20384,飯島町,15.6,38.0,46.4
20385,南箕輪村,5.6,38.2,56.2
20386,中川村,21.2,32.3,46.5
20388,宮田村,6.9,42.5,50.5
20402,松川町,21.2,30.8,47.9
20403,高森町,17.1,30.8,52.1
20404,阿南町,14.4,27.3,58.3
20407,阿智村,13.9,27.6,58.6
20409,平谷村,13.4,14.4,72.2
20410,根羽村,15.0,26.1,58.8
20411,下條村,21.9,27.4,50.7
20412,売木村,30.0,13.2,56.8
20413,天龍村,13.4,24.7,61.9
20414,泰阜村,15.7,30.4,53.9
20415,喬木村,17.5,29.4,53.1
20416,豊丘村,18.6,32.6,48.8
20417,大鹿村,28.5,26.1,45.4
20422,上松町,8.8,29.8,61.4
20423,南木曽町,8.4,33.6,57.9
20425,木祖村,7.1,30.8,62.2
20429,王滝村,11.8,13.0,75.2
20430,大桑村,8.7,42.3,48.9
20432,木曽町,7.7,22.2,70.1
20446,麻績村,17.7,20.4,61.9
20448,生坂村,19.7,28.8,51.5
20450,山形村,17.7,28.0,54.3
20451,朝日村,20.7,26.7,52.6
20452,筑北村,15.0,26.3,58.6
20481,池田町,9.0,28.5,62.5
20482,松川村,10.9,31.1,58.0
20485,白馬村,6.0,13.9,80.0
20486,小谷村,9.8,22.0,68.3
20521,坂城町,7.5,44.1,48.5
20541,小布施町,21.6,24.5,53.9
20543,高山村,19.5,31.3,49.2
20561,山ノ内町,25.1,17.2,57.7
20562,木島平村,23.0,22.0,55.0
20563,野沢温泉村,12.6,16.6,70.9
20583,信濃町,16.3,23.9,59.8
20588,小川村,19.4,26.6,54.0
20590,飯綱町,25.2,22.5,52.3
20602,栄村,32.5,17.1,50.4
21000,岐阜県,2.8,32.7,64.4
21201,岐阜市,1.5,23.8,74.7
21202,大垣市,1.3,33.7,64.9
21203,高山市,10.5,22.4,67.1
21204,多治見市,0.6,30.4,69.0
21205,関市,1.9,42.9,55.1
21206,中津川市,4.8,41.3,53.9
21207,美濃市,2.2,47.2,50.6
21208,瑞浪市,2.3,33.0,64.7
21209,羽島市,2.0,31.2,66.8
21210,恵那市,4.8,36.1,59.1
21211,美濃加茂市,2.6,40.3,57.1
21212,土岐市,0.8,37.8,61.4
21213,各務原市,1.3,33.7,65.0
21214,可児市,1.2,37.8,61.0
21215,山県市,3.2,39.8,56.9
21216,瑞穂市,2.2,30.2,67.6
21217,飛騨市,8.4,33.5,58.1
21218,本巣市,6.8,31.1,62.1
21219,郡上市,6.3,33.9,59.8
21220,下呂市,5.2,29.0,65.8
21221,海津市,6.6,35.9,57.5
21302,岐南町,1.4,30.1,68.5
21303,笠松町,0.9,28.6,70.5
21341,養老町,3.3,37.2,59.5
21361,垂井町,2.3,42.1,55.6
21362,関ケ原町,4.2,38.9,57.0
21381,神戸町,4.5,38.0,57.4
21382,輪之内町,3.6,40.8,55.6
21383,安八町,2.6,36.3,61.1
21401,揖斐川町,5.5,35.2,59.3
21403,大野町,5.8,34.1,60.2
21404,池田町,3.4,39.2,57.3
21421,北方町,1.3,28.5,70.2
21501,坂祝町,2.9,42.3,54.8
21502,富加町,5.0,43.3,51.7
21503,川辺町,1.7,40.8,57.5
21504,七宗町,6.7,40.2,53.0
21505,八百津町,2.8,41.9,55.2
21506,白川町,9.0,42.1,49.0
21507,東白川村,15.5,38.7,45.8
21521,御嵩町,2.0,40.9,57.0
21604,白川村,2.7,23.0,74.4
22000,静岡県,3.5,32.7,63.8
22100,静岡市,2.3,25.4,72.3
22101,静岡市葵区,2.4,20.9,76.7
22102,静岡市駿河区,1.6,24.4,73.9
22103,静岡市清水区,2.9,31.2,65.9
22130,浜松市,3.5,33.9,62.5
22131,浜松市中区,0.8,29.3,69.9
22132,浜松市東区,1.5,34.8,63.6
22133,浜松市西区,6.7,33.9,59.4
22134,浜松市南区,2.2,38.6,59.2
22135,浜松市北区,10.3,34.1,55.6
22136,浜松市浜北区,3.3,38.9,57.9
22137,浜松市天竜区,7.2,34.8,57.9
22203,沼津市,2.5,29.5,68.0
22205,熱海市,1.6,11.6,86.8
22206,三島市,2.3,26.3,71.4
22207,富士宮市,3.2,42.5,54.3
22208,伊東市,2.6,12.8,84.6
22209,島田市,5.6,36.9,57.5
22210,富士市,2.0,38.6,59.4
22211,磐田市,3.8,40.9,55.3
22212,焼津市,2.8,36.5,60.7
22213,掛川市,5.9,40.5,53.6
22214,藤枝市,3.3,32.0,64.7
22215,御殿場市,3.0,28.4,68.7
22216,袋井市,3.7,41.7,54.6
22219,下田市,5.0,12.7,82.3
22220,裾野市,2.0,37.9,60.2
22221,湖西市,4.5,48.8,46.7
22222,伊豆市,7.4,22.0,70.6
22223,御前崎市,8.4,39.5,52.1
22224,菊川市,8.3,42.4,49.3
22225,伊豆の国市,6.1,25.4,68.5
22226,牧之原市,11.1,41.9,47.0
22301,東伊豆町,8.2,10.5,81.3
22302,河津町,11.8,14.1,74.2
22304,南伊豆町,10.2,12.9,76.9
22305,松崎町,6.4,16.3,77.3
22306,西伊豆町,5.4,17.7,76.9
22325,函南町,3.5,26.8,69.8
22341,清水町,0.9,31.1,67.9
22342,長泉町,1.8,33.2,65.1
22344,小山町,4.2,23.4,72.4
22424,吉田町,3.2,48.8,47.9
22429,川根本町,12.1,30.6,57.4
22461,森町,7.7,39.3,53.0
23000,愛知県,1.9,32.4,65.7
23100,名古屋市,0.3,23.0,76.8
23101,名古屋市千種区,0.1,15.3,84.6
23102,名古屋市東区,0.1,17.6,82.3
23103,名古屋市北区,0.1,23.1,76.7
23104,名古屋市西区,0.2,23.7,76.1
23105,名古屋市中村区,0.2,20.2,79.6
23106,名古屋市中区,0.1,16.0,83.9
23107,名古屋市昭和区,0.2,16.0,83.8
23108,名古屋市瑞穂区,0.2,21.3,78.5
23109,名古屋市熱田区,0.2,22.8,77.0
23110,名古屋市中川区,0.4,26.1,73.5
23111,名古屋市港区,0.5,28.3,71.3
23112,名古屋市南区,0.2,31.1,68.7
23113,名古屋市守山区,0.3,25.2,74.5
23114,名古屋市緑区,0.5,29.3,70.2
23115,名古屋市名東区,0.2,17.8,82.0
23116,名古屋市天白区,0.4,22.2,77.4
23201,豊橋市,5.2,35.4,59.4
23202,岡崎市,1.3,39.3,59.4
23203,一宮市,1.0,29.4,69.7
23204,瀬戸市,0.7,34.3,64.9
23205,半田市,1.5,38.2,60.4
23206,春日井市,0.7,29.7,69.6
23207,豊川市,5.0,38.4,56.7
23208,津島市,1.8,30.0,68.2
23209,碧南市,3.7,48.7,47.6
23210,刈谷市,1.1,45.8,53.1
23211,豊田市,1.7,46.0,52.3
23212,安城市,2.2,42.9,54.9
23213,西尾市,4.7,45.6,49.7
23214,蒲郡市,4.1,38.8,57.1
23215,犬山市,1.2,34.8,63.9
23216,常滑市,2.7,31.7,65.5
23217,江南市,0.8,32.5,66.7
23219,小牧市,1.1,36.6,62.3
23220,稲沢市,3.9,30.2,65.9
23221,新城市,8.3,37.5,54.2
23222,東海市,2.1,38.9,59.0
23223,大府市,1.5,39.7,58.9
23224,知多市,1.8,34.9,63.3
23225,知立市,0.7,45.4,53.8
23226,尾張旭市,0.6,25.7,73.7
23227,高浜市,0.9,51.4,47.8
23228,岩倉市,1.0,29.9,69.1
23229,豊明市,1.0,38.2,60.7
23230,日進市,0.7,28.6,70.7
23231,田原市,29.9,26.1,44.0
23232,愛西市,7.3,29.1,63.7
23233,清須市,1.1,29.6,69.3
23234,北名古屋市,1.0,30.4,68.6
23235,弥富市,3.9,29.4,66.6
23236,みよし市,1.6,40.1,58.3
23237,あま市,1.3,33.4,65.3
23238,長久手市,0.8,22.6,76.6
23302,東郷町,1.2,36.6,62.2
23342,豊山町,0.8,30.6,68.6
23361,大口町,1.2,39.6,59.2
23362,扶桑町,1.1,33.6,65.2
23424,大治町,1.1,31.9,67.0
23425,蟹江町,0.9,28.0,71.1
23427,飛島村,9.8,30.3,59.9
23441,阿久比町,2.9,35.4,61.7
23442,東浦町,1.9,40.8,57.3
23445,南知多町,18.7,26.0,55.4
23446,美浜町,6.4,29.7,63.8
23447,武豊町,1.6,41.2,57.1
23501,幸田町,3.2,46.7,50.1
23561,設楽町,19.0,21.3,59.7
23562,東栄町,6.8,26.4,66.8
23563,豊根村,13.0,20.3,66.7
24000,三重県,3.2,32.0,64.8
24201,津市,2.6,25.7,71.7
24202,四日市市,1.3,34.9,63.9
24203,伊勢市,2.5,25.6,71.9
24204,松阪市,3.5,29.9,66.6
24205,桑名市,1.6,33.7,64.6
24207,鈴鹿市,2.6,36.2,61.2
24208,名張市,2.2,33.7,64.1
24209,尾鷲市,5.4,20.4,74.2
24210,亀山市,2.7,39.4,57.9
24211,鳥羽市,13.3,16.7,70.0
24212,熊野市,7.8,17.7,74.6
24214,いなべ市,2.5,47.9,49.6
24215,志摩市,8.1,17.8,74.1
24216,伊賀市,5.6,40.4,54.1
24303,木曽岬町,9.6,30.4,60.0
24324,東員町,1.2,38.8,60.0
24341,菰野町,2.4,38.1,59.5
24343,朝日町,0.7,37.0,62.3
24344,川越町,0.7,39.7,59.5
24441,多気町,9.7,31.2,59.2
24442,明和町,4.9,30.7,64.4
24443,大台町,7.7,28.9,63.4
24461,玉城町,6.3,33.1,60.6
24470,度会町,5.9,33.4,60.7
24471,大紀町,8.5,28.8,62.6
24472,南伊勢町,19.1,18.8,62.1
24543,紀北町,9.0,26.0,65.0
24561,御浜町,22.6,14.0,63.5
24562,紀宝町,6.3,27.6,66.1
25000,滋賀県,2.4,33.0,64.6
25201,大津市,1.1,22.4,76.5
25202,彦根市,1.6,34.7,63.7
25203,長浜市,3.1,37.5,59.4
25204,近江八幡市,3.5,34.5,62.0
25206,草津市,1.4,30.7,67.9
25207,守山市,2.1,32.7,65.2
25208,栗東市,1.5,32.9,65.5
25209,甲賀市,3.7,39.6,56.7
25210,野洲市,3.2,36.6,60.2
25211,湖南市,1.4,43.9,54.7
25212,高島市,6.1,29.3,64.6
25213,東近江市,3.9,41.6,54.5
25214,米原市,3.4,35.1,61.5
25383,日野町,5.3,42.4,52.3
25384,竜王町,6.3,43.0,50.7
25425,愛荘町,2.4,41.7,55.8
25441,豊郷町,3.0,38.3,58.8
25442,甲良町,4.7,40.6,54.6
25443,多賀町,4.1,38.9,56.9
26000,京都府,1.9,22.4,75.7
26100,京都市,0.8,20.0,79.2
26101,京都市北区,1.3,16.6,82.0
26102,京都市上京区,0.3,16.0,83.7
26103,京都市左京区,0.7,12.4,86.9
26104,京都市中京区,0.1,17.2,82.6
26105,京都市東山区,0.3,15.0,84.7
26106,京都市下京区,0.2,18.5,81.4
26107,京都市南区,0.7,27.9,71.4
26108,京都市右京区,1.1,21.8,77.1
26109,京都市伏見区,1.0,23.7,75.3
26110,京都市山科区,0.8,22.2,77.0
26111,京都市西京区,1.0,20.5,78.6
26201,福知山市,4.6,29.6,65.8
26202,舞鶴市,3.6,22.9,73.5
26203,綾部市,7.6,32.3,60.0
26204,宇治市,0.8,24.9,74.3
26205,宮津市,6.8,18.5,74.7
26206,亀岡市,4.4,25.4,70.2
26207,城陽市,1.8,25.8,72.3
26208,向日市,1.0,25.2,73.8
26209,長岡京市,1.0,26.5,72.5
26210,八幡市,2.1,24.4,73.5
26211,京田辺市,2.0,23.2,74.8
26212,京丹後市,7.7,29.6,62.7
26213,南丹市,9.1,25.6,65.3
26214,木津川市,3.3,19.9,76.8
26303,大山崎町,0.9,26.0,73.1
26322,久御山町,7.5,32.2,60.3
26343,井手町,3.6,32.7,63.7
26344,宇治田原町,5.7,35.1,59.2
26364,笠置町,5.3,22.1,72.6
26365,和束町,25.2,20.2,54.5
26366,精華町,2.1,20.3,77.5
26367,南山城村,17.6,18.3,64.1
26407,京丹波町,13.7,27.8,58.5
26463,伊根町,26.2,11.9,61.9
26465,与謝野町,3.7,31.0,65.3
27000,大阪府,0.5,22.5,77.0
27100,大阪市,0.1,20.6,79.3
27102,大阪市都島区,0.1,18.2,81.8
27103,大阪市福島区,0.1,17.8,82.2
27104,大阪市此花区,0.1,23.4,76.5
27106,大阪市西区,0.0,16.3,83.7
27107,大阪市港区,0.1,20.3,79.6
27108,大阪市大正区,0.1,25.1,74.8
27109,大阪市天王寺区,0.0,15.4,84.6
27111,大阪市浪速区,0.1,13.8,86.2
27113,大阪市西淀川区,0.1,27.7,72.2
27114,大阪市東淀川区,0.1,21.2,78.7
27115,大阪市東成区,0.1,23.1,76.8
27116,大阪市生野区,0.1,27.1,72.8
27117,大阪市旭区,0.1,20.6,79.3
27118,大阪市城東区,0.1,21.6,78.3
27119,大阪市阿倍野区,0.1,16.6,83.3
27120,大阪市住吉区,0.2,17.5,82.3
27121,大阪市東住吉区,0.2,20.9,79.0
27122,大阪市西成区,0.1,20.9,79.0
27123,大阪市淀川区,0.1,21.5,78.4
27124,大阪市鶴見区,0.1,25.4,74.5
27125,大阪市住之江区,0.1,20.3,79.6
27126,大阪市平野区,0.2,28.2,71.6
27127,大阪市北区,0.1,15.5,84.5
27128,大阪市中央区,0.1,14.8,85.1
27140,堺市,0.5,23.4,76.1
27141,堺市堺区,0.2,25.5,74.3
27142,堺市中区,0.8,25.7,73.6
27143,堺市東区,0.6,22.2,77.2
27144,堺市西区,0.3,24.4,75.3
27145,堺市南区,0.8,20.1,79.1
27146,堺市北区,0.3,20.2,79.5
27147,堺市美原区,1.2,30.9,67.8
27202,岸和田市,1.5,24.3,74.2
27203,豊中市,0.3,19.2,80.5
27204,池田市,0.9,19.9,79.2
27205,吹田市,0.2,18.5,81.3
27206,泉大津市,0.3,23.0,76.7
27207,高槻市,0.5,21.4,78.1
27208,貝塚市,1.5,25.2,73.3
27209,守口市,0.2,25.8,74.0
27210,枚方市,0.5,22.1,77.4
27211,茨木市,0.6,20.6,78.9
27212,八尾市,0.8,28.7,70.5
27213,泉佐野市,1.9,21.9,76.2
27214,富田林市,1.5,23.6,74.9
27215,寝屋川市,0.4,24.3,75.4
27216,河内長野市,1.2,20.2,78.6
27217,松原市,0.5,27.3,72.2
27218,大東市,0.2,29.5,70.3
27219,和泉市,0.9,22.3,76.7
27220,箕面市,0.7,15.8,83.5
27221,柏原市,1.0,29.9,69.0
27222,羽曳野市,1.1,24.9,74.0
27223,門真市,0.3,29.5,70.2
27224,摂津市,0.3,26.5,73.2
27225,高石市,0.4,24.3,75.3
27226,藤井寺市,0.5,25.6,73.9
27227,東大阪市,0.3,29.1,70.6
27228,泉南市,2.7,24.9,72.4
27229,四條畷市,0.5,26.2,73.3
27230,交野市,0.8,23.5,75.7
27231,大阪狭山市,0.9,19.9,79.2
27232,阪南市,1.5,22.9,75.7
27301,島本町,0.5,21.5,78.0
27321,豊能町,2.4,17.3,80.4
27322,能勢町,11.3,21.4,67.2
27341,忠岡町,0.6,26.6,72.8
27361,熊取町,1.4,22.0,76.6
27362,田尻町,1.3,16.8,81.9
27366,岬町,2.4,20.5,77.1
27381,太子町,3.5,26.8,69.8
27382,河南町,4.9,27.6,67.5
27383,千早赤阪村,7.7,25.1,67.2
28000,兵庫県,1.8,24.8,73.4
28100,神戸市,0.7,19.4,79.9
28101,神戸市東灘区,0.2,18.3,81.6
28102,神戸市灘区,0.2,16.8,83.1
28105,神戸市兵庫区,0.2,19.9,79.9
28106,神戸市長田区,0.3,22.9,76.8
28107,神戸市須磨区,0.4,18.6,81.0
28108,神戸市垂水区,0.4,20.3,79.3
28109,神戸市北区,1.4,17.5,81.0
28110,神戸市中央区,0.1,15.2,84.7
28111,神戸市西区,2.4,24.4,73.2
28201,姫路市,1.0,32.0,67.0
28202,尼崎市,0.3,25.1,74.6
28203,明石市,1.0,26.1,72.9
28204,西宮市,0.4,18.3,81.4
28205,洲本市,10.5,21.3,68.2
28206,芦屋市,0.2,15.8,83.9
28207,伊丹市,0.7,24.6,74.7
28208,相生市,2.4,32.0,65.6
28209,豊岡市,5.7,27.0,67.4
28210,加古川市,0.8,32.3,66.8
28212,赤穂市,2.3,32.3,65.4
28213,西脇市,2.1,37.3,60.6
28214,宝塚市,0.9,18.5,80.6
28215,三木市,4.3,31.0,64.6
28216,高砂市,0.6,35.6,63.7
28217,川西市,0.8,19.7,79.5
28218,小野市,2.8,37.5,59.7
28219,三田市,2.3,23.6,74.0
28220,加西市,3.9,42.9,53.2
28221,丹波篠山市,11.4,27.4,61.2
28222,養父市,8.2,25.8,66.0
28223,丹波市,7.6,34.5,57.9
28224,南あわじ市,23.0,21.4,55.6
28225,朝来市,5.6,29.2,65.2
28226,淡路市,15.4,20.4,64.1
28227,宍粟市,4.5,38.9,56.7
28228,加東市,4.5,38.2,57.3
28229,たつの市,3.3,36.2,60.5
28301,猪名川町,2.7,19.0,78.4
28365,多可町,3.7,41.9,54.4
28381,稲美町,3.9,34.6,61.5
28382,播磨町,0.6,33.1,66.3
28442,市川町,3.5,39.5,56.9
28443,福崎町,2.2,37.2,60.6
28446,神河町,3.9,32.7,63.4
28464,太子町,1.3,35.5,63.2
28481,上郡町,4.5,28.2,67.2
28501,佐用町,7.5,27.9,64.6
28585,香美町,10.8,27.1,62.1
28586,新温泉町,12.5,23.8,63.7
29000,奈良県,2.4,22.1,75.5
29201,奈良市,1.3,17.3,81.4
29202,大和高田市,1.0,27.7,71.4
29203,大和郡山市,2.2,24.2,73.6
29204,天理市,4.1,20.6,75.3
29205,橿原市,1.3,22.3,76.4
29206,桜井市,2.5,25.1,72.4
29207,五條市,15.4,24.8,59.8
29208,御所市,4.5,29.5,65.9
29209,生駒市,0.9,19.1,80.0
29210,香芝市,0.6,24.6,74.7
29211,葛城市,3.1,29.1,67.8
29212,宇陀市,7.6,22.2,70.2
29322,山添村,17.0,29.8,53.2
29342,平群町,6.0,20.6,73.3
29343,三郷町,0.8,22.7,76.5
29344,斑鳩町,1.9,23.4,74.7
29345,安堵町,2.4,31.6,66.0
29361,川西町,2.7,27.4,69.9
29362,三宅町,2.2,29.6,68.3
29363,田原本町,3.5,26.4,70.1
29385,曽爾村,18.0,20.4,61.6
29386,御杖村,15.8,23.3,60.9
29401,高取町,3.8,24.7,71.5
29402,明日香村,10.4,20.8,68.8
29424,上牧町,0.8,24.3,74.9
29425,王寺町,0.5,21.9,77.6
29426,広陵町,1.6,26.4,71.9
29427,河合町,1.4,23.2,75.4
29441,吉野町,4.6,31.8,63.6
29442,大淀町,4.2,26.8,68.9
29443,下市町,10.0,24.2,65.8
29444,黒滝村,12.7,21.3,65.9
29446,天川村,6.4,11.8,81.7
29447,野迫川村,18.1,20.5,61.4
29449,十津川村,8.3,20.8,70.9
29450,下北山村,7.2,17.3,75.5
29451,上北山村,8.8,17.6,73.6
29452,川上村,7.2,26.4,66.5
29453,東吉野村,9.6,30.7,59.7
30000,和歌山県,8.1,22.3,69.6
30201,和歌山市,1.7,23.6,74.6
30202,海南市,8.8,26.0,65.1
30203,橋本市,6.0,22.7,71.4
30204,有田市,14.9,28.7,56.3
30205,御坊市,11.6,22.9,65.5
30206,田辺市,11.8,18.8,69.3
30207,新宮市,2.2,15.9,82.0
30208,紀の川市,17.4,22.3,60.3
30209,岩出市,3.2,23.7,73.1
30304,紀美野町,12.7,28.2,59.2
30341,かつらぎ町,22.6,21.1,56.2
30343,九度山町,23.4,17.2,59.4
30344,高野町,3.5,11.5,85.0
30361,湯浅町,17.0,22.8,60.2
30362,広川町,22.4,22.5,55.1
30366,有田川町,25.5,19.9,54.6
30381,美浜町,6.9,20.4,72.8
30382,日高町,12.2,21.6,66.3
30383,由良町,14.8,25.5,59.8
30390,印南町,30.4,20.1,49.4
30391,みなべ町,36.3,20.3,43.4
30392,日高川町,22.2,21.6,56.2
30401,白浜町,5.3,18.2,76.6
30404,上富田町,6.5,21.7,71.9
30406,すさみ町,9.6,21.6,68.8
30421,那智勝浦町,5.0,13.7,81.2
30422,太地町,7.5,13.2,79.3
30424,古座川町,11.4,14.1,74.5
30427,北山村,13.0,19.8,67.2
30428,串本町,8.1,12.9,79.0
31000,鳥取県,7.8,21.7,70.5
31201,鳥取市,5.0,21.0,74.0
31202,米子市,3.3,20.2,76.4
31203,倉吉市,9.6,23.0,67.4
31204,境港市,3.6,25.5,70.9
31302,岩美町,10.4,25.6,64.0
31325,若桜町,12.7,26.5,60.8
31328,智頭町,9.9,33.6,56.6
31329,八頭町,15.0,24.2,60.8
31364,三朝町,12.2,19.5,68.3
31370,湯梨浜町,12.4,21.0,66.6
31371,琴浦町,19.1,24.5,56.3
31372,北栄町,22.3,21.1,56.6
31384,日吉津村,7.3,22.7,70.0
31386,大山町,23.9,19.6,56.5
31389,南部町,11.3,26.3,62.4
31390,伯耆町,16.2,19.5,64.3
31401,日南町,32.0,17.6,50.4
31402,日野町,16.0,22.1,61.9
31403,江府町,21.2,21.0,57.9
32000,島根県,6.6,23.5,69.9
32201,松江市,3.3,18.4,78.2
32202,浜田市,6.0,21.7,72.3
32203,出雲市,5.4,28.5,66.1
32204,益田市,7.7,20.9,71.5
32205,大田市,8.9,26.7,64.4
32206,安来市,10.3,30.1,59.6
32207,江津市,4.2,25.5,70.3
32209,雲南市,9.9,27.8,62.3
32343,奥出雲町,18.1,28.6,53.3
32386,飯南町,21.2,19.0,59.9
32441,川本町,13.1,18.1,68.8
32448,美郷町,13.4,21.5,65.1
32449,邑南町,20.4,17.5,62.1
32501,津和野町,13.2,17.3,69.5
32505,吉賀町,12.7,28.5,58.8
32525,海士町,14.2,15.6,70.2
32526,西ノ島町,15.7,14.2,70.1
32527,知夫村,17.4,11.5,71.1
32528,隠岐の島町,10.0,15.9,74.2
33000,岡山県,4.2,27.0,68.9
33100,岡山市,2.3,21.5,76.2
33101,岡山市北区,2.0,17.4,80.6
33102,岡山市中区,1.2,21.0,77.8
33103,岡山市東区,4.9,29.2,65.9
33104,岡山市南区,2.4,25.4,72.3
33202,倉敷市,1.8,30.5,67.7
33203,津山市,5.7,28.1,66.2
33204,玉野市,2.7,32.2,65.1
33205,笠岡市,5.0,32.0,63.1
33207,井原市,6.6,38.0,55.4
33208,総社市,4.3,30.8,65.0
33209,高梁市,11.0,30.6,58.4
33210,新見市,14.4,26.8,58.8
33211,備前市,4.4,34.4,61.2
33212,瀬戸内市,9.1,30.0,60.8
33213,赤磐市,8.2,29.5,62.4
33214,真庭市,13.3,27.1,59.6
33215,美作市,11.2,32.1,56.7
33216,浅口市,4.3,32.5,63.2
33346,和気町,7.4,34.2,58.4
33423,早島町,1.8,23.3,74.9
33445,里庄町,2.7,33.6,63.7
33461,矢掛町,8.4,34.8,56.8
33586,新庄村,26.7,15.9,57.4
33606,鏡野町,14.1,24.9,61.0
33622,勝央町,11.1,34.1,54.9
33623,奈義町,15.7,23.9,60.4
33643,西粟倉村,12.6,29.3,58.0
33663,久米南町,25.4,21.6,53.0
33666,美咲町,16.5,27.3,56.1
33681,吉備中央町,20.0,29.3,50.7
34000,広島県,2.7,26.1,71.2
34100,広島市,0.9,21.6,77.5
34101,広島市中区,0.3,15.2,84.5
34102,広島市東区,0.5,19.4,80.1
34103,広島市南区,0.4,21.6,78.0
34104,広島市西区,0.5,19.9,79.6
34105,広島市安佐南区,1.1,21.4,77.6
34106,広島市安佐北区,2.2,28.6,69.2
34107,広島市安芸区,0.8,29.6,69.6
34108,広島市佐伯区,1.0,22.5,76.5
34202,呉市,2.5,28.3,69.2
34203,竹原市,4.9,30.2,64.9
34204,三原市,5.4,30.8,63.8
34205,尾道市,4.9,32.4,62.7
34207,福山市,1.5,31.7,66.8
34208,府中市,3.2,38.6,58.2
34209,三次市,11.4,21.9,66.7
34210,庄原市,19.3,19.8,60.9
34211,大竹市,2.6,35.3,62.1
34212,東広島市,3.8,30.8,65.4
34213,廿日市市,2.2,23.9,73.8
34214,安芸高田市,12.0,28.9,59.2
34215,江田島市,12.4,18.6,69.0
34302,府中町,0.3,26.6,73.1
34304,海田町,0.5,30.7,68.8
34307,熊野町,1.5,35.1,63.4
34309,坂町,1.8,25.1,73.1
34368,安芸太田町,9.2,22.8,67.9
34369,北広島町,16.3,30.5,53.1
34431,大崎上島町,15.5,23.1,61.4
34462,世羅町,24.9,20.7,54.4
34545,神石高原町,24.8,23.0,52.2
35000,山口県,4.1,26.4,69.5
35201,下関市,4.0,24.0,72.0
35202,宇部市,2.0,27.7,70.3
35203,山口市,4.3,17.3,78.3
35204,萩市,12.3,18.3,69.4
35206,防府市,2.5,32.2,65.3
35207,下松市,1.5,34.9,63.6
35208,岩国市,3.0,28.2,68.8
35210,光市,2.5,33.1,64.3
35211,長門市,11.6,22.3,66.1
35212,柳井市,5.7,23.4,70.9
35213,美祢市,11.3,27.0,61.7
35215,周南市,2.6,32.2,65.2
35216,山陽小野田市,3.0,32.5,64.6
35305,周防大島町,21.3,15.2,63.4
35321,和木町,0.7,37.1,62.2
35341,上関町,14.4,19.2,66.4
35343,田布施町,4.4,31.8,63.8
35344,平生町,4.4,27.6,68.0
35502,阿武町,25.7,18.7,55.6
36000,徳島県,7.6,23.5,68.9
36201,徳島市,3.6,18.9,77.5
36202,鳴門市,9.8,24.2,66.0
36203,小松島市,8.1,24.0,67.9
36204,阿南市,8.8,30.1,61.1
36205,吉野川市,6.4,24.5,69.0
36206,阿波市,18.3,25.2,56.4
36207,美馬市,8.8,28.9,62.4
36208,三好市,6.1,25.6,68.3
36301,勝浦町,27.4,21.0,51.6
36302,上勝町,37.3,14.1,48.6
36321,佐那河内村,39.9,18.3,41.9
36341,石井町,8.6,22.1,69.3
36342,神山町,30.3,17.7,52.0
36368,那賀町,18.7,28.2,53.1
36383,牟岐町,14.1,19.1,66.8
36387,美波町,15.1,19.8,65.1
36388,海陽町,15.4,24.5,60.1
36401,松茂町,7.4,27.0,65.6
36402,北島町,2.5,27.6,69.9
36403,藍住町,4.4,26.3,69.3
36404,板野町,10.3,24.7,65.0
36405,上板町,12.4,24.9,62.7
36468,つるぎ町,7.9,29.5,62.6
36489,東みよし町,8.2,25.8,66.0
37000,香川県,4.8,25.1,70.0
37201,高松市,2.4,19.4,78.2
37202,丸亀市,3.8,29.9,66.2
37203,坂出市,5.1,27.5,67.4
37204,善通寺市,5.2,23.8,71.0
37205,観音寺市,9.9,32.8,57.2
37206,さぬき市,7.1,26.9,66.0
37207,東かがわ市,8.8,34.4,56.7
37208,三豊市,10.5,32.6,56.9
37322,土庄町,6.5,25.9,67.6
37324,小豆島町,5.9,31.1,63.1
37341,三木町,6.6,23.2,70.1
37364,直島町,5.4,39.0,55.6
37386,宇多津町,1.1,31.5,67.4
37387,綾川町,9.3,24.4,66.2
37403,琴平町,5.0,25.5,69.5
37404,多度津町,3.9,37.9,58.3
37406,まんのう町,12.1,28.4,59.5
38000,愛媛県,6.7,23.8,69.5
38201,松山市,2.8,17.6,79.5
